function R1x6 = rot_3x3_to_1x6(R3x3)
R1x6 = [R3x3(1,1) R3x3(2,2) R3x3(3,3) R3x3(1,2) R3x3(1,3) R3x3(2,3)];
